-2.8350 -2.5071 1.8128 0.0000 -0.7071 0.7071
-2.8350 -2.4929 1.7987 -0.0000 0.7071 -0.7071
-1.7010 -2.5071 1.8128 0.0000 -0.7071 0.7071
-1.7010 -2.4929 1.7987 -0.0000 0.7071 -0.7071
-0.5670 -2.5071 1.8128 0.0000 -0.7071 0.7071
-0.5670 -2.4929 1.7987 -0.0000 0.7071 -0.7071
0.5670 -2.5071 1.8128 0.0000 -0.7071 0.7071
0.5670 -2.4929 1.7987 -0.0000 0.7071 -0.7071
1.7010 -2.5071 1.8128 0.0000 -0.7071 0.7071
1.7010 -2.4929 1.7987 -0.0000 0.7071 -0.7071
2.8350 -2.5071 1.8128 0.0000 -0.7071 0.7071
2.8350 -2.4929 1.7987 -0.0000 0.7071 -0.7071
-2.8350 -5.0071 1.8128 0.0000 -0.7071 0.7071
-2.8350 -4.9929 1.7987 -0.0000 0.7071 -0.7071
-1.7010 -5.0071 1.8128 0.0000 -0.7071 0.7071
-1.7010 -4.9929 1.7987 -0.0000 0.7071 -0.7071
-0.5670 -5.0071 1.8128 0.0000 -0.7071 0.7071
-0.5670 -4.9929 1.7987 -0.0000 0.7071 -0.7071
0.5670 -5.0071 1.8128 0.0000 -0.7071 0.7071
0.5670 -4.9929 1.7987 -0.0000 0.7071 -0.7071
1.7010 -5.0071 1.8128 0.0000 -0.7071 0.7071
1.7010 -4.9929 1.7987 -0.0000 0.7071 -0.7071
2.8350 -5.0071 1.8128 0.0000 -0.7071 0.7071
2.8350 -4.9929 1.7987 -0.0000 0.7071 -0.7071