5.0139 -0.5134 1.5981 0.6797 0.6797 0.2756
5.0003 -0.5270 1.5926 -0.6797 -0.6797 -0.2756
4.1837 -1.2860 1.5981 0.6797 0.6797 0.2756
4.1702 -1.2996 1.5926 -0.6797 -0.6797 -0.2756
3.3536 -2.0586 1.5981 0.6797 0.6797 0.2756
3.3400 -2.0722 1.5926 -0.6797 -0.6797 -0.2756
2.5235 -2.8312 1.5981 0.6797 0.6797 0.2756
2.5099 -2.8448 1.5926 -0.6797 -0.6797 -0.2756
1.6934 -3.6037 1.5981 0.6797 0.6797 0.2756
1.6798 -3.6173 1.5926 -0.6797 -0.6797 -0.2756
-0.8902 -4.0520 1.5981 0.6797 -0.6797 0.2756
-0.9038 -4.0385 1.5926 -0.6797 0.6797 -0.2756
-1.8136 -3.3938 1.5981 0.6797 -0.6797 0.2756
-1.8272 -3.3802 1.5926 -0.6797 0.6797 -0.2756
-2.7370 -2.7355 1.5981 0.6797 -0.6797 0.2756
-2.7506 -2.7219 1.5926 -0.6797 0.6797 -0.2756
-3.6604 -2.0773 1.5981 0.6797 -0.6797 0.2756
-3.6740 -2.0637 1.5926 -0.6797 0.6797 -0.2756
-4.5838 -1.4190 1.5981 0.6797 -0.6797 0.2756
-4.5974 -1.4054 1.5926 -0.6797 0.6797 -0.2756
0.7390 3.8088 1.5981 -0.6797 0.6797 0.2756
0.7526 3.7952 1.5926 0.6797 -0.6797 -0.2756
1.7380 3.2722 1.5981 -0.6797 0.6797 0.2756
1.7516 3.2586 1.5926 0.6797 -0.6797 -0.2756
2.7370 2.7355 1.5981 -0.6797 0.6797 0.2756
2.7506 2.7219 1.5926 0.6797 -0.6797 -0.2756
3.7360 2.1989 1.5981 -0.6797 0.6797 0.2756
3.7496 2.1853 1.5926 0.6797 -0.6797 -0.2756
4.7350 1.6622 1.5981 -0.6797 0.6797 0.2756
4.7486 1.6486 1.5926 0.6797 -0.6797 -0.2756
-4.5127 0.8136 1.5981 -0.6797 -0.6797 0.2756
-4.4991 0.8272 1.5926 0.6797 0.6797 -0.2756
-3.7400 1.6436 1.5981 -0.6797 -0.6797 0.2756
-3.7264 1.6572 1.5926 0.6797 0.6797 -0.2756
-2.9673 2.4736 1.5981 -0.6797 -0.6797 0.2756
-2.9537 2.4872 1.5926 0.6797 0.6797 -0.2756
-2.1945 3.3035 1.5981 -0.6797 -0.6797 0.2756
-2.1810 3.3171 1.5926 0.6797 0.6797 -0.2756
